17.064270494576636       
16.43234776045399       
15.65987633705386       
15.199201449234884       
15.30747330396662       
15.891817342838847       
16.56528177081989       
16.901939372473826       
16.75527702612851       
16.364356559867552       
16.14241583895574       
16.361888948452705       
16.98254118823673       
17.69601608353406       
18.147071962272708       
18.187956650949147       
17.954621318295636       
17.705770105181305       
17.59650478529794       
17.58218743541262       
17.503489179418548       
17.264672604369057       
16.948882667670787       
16.7696180142409       
16.9099466047596       
17.383966949250283       
18.009790670600278       
18.507944331722147       
18.67001608155807       
18.481796639660665       
18.11075707437684       
17.784967780844873       
17.667485404698652       
17.796669775780696       
18.093502357962695       
18.408588165048794       
18.588088944850323       
18.542762734093134       
18.295303109286138       
17.97589598575514       
17.756894783507516       
17.756996639816233       
17.968800176897663       
18.256041930147603       
18.43571116994961       
18.404158639100025       
18.21222201813835       
18.017486253513557       
17.946791999045754       
17.979505771208007       
17.945596737800365       
17.65619793796417       
17.08183373033937       
16.42739219561904       
16.027355132695085       
16.14501565779929       
16.809954908356726       
17.760173883018098       
18.522602304957754       
18.643186916373544       
17.953694073759557       
16.668706363466253       
15.233882226692653       
14.06874839755149       
13.393807183394939       
13.196497954978225       
13.2842435834535       
13.38492294853958       
13.282271485500903       
12.935807843258727       
12.501309853521088       
12.227264720414347       
12.300223292013284       
12.730882369948485       
13.328848561797997       
13.79288276159725       
13.902135848731227       
13.681990503903426       
13.388153459363389       
13.314531009242524       
13.585451782604947       
14.066067236228925       
14.43842800390629       
14.425143995744781       
14.017771080746112       
13.503627099557711       
13.264127120368183       
13.531262845006404       
14.259735625430741       
15.145741262227382       
15.791770035037858       
15.956199908099265       
15.707611003580322       
15.353113664460585       
15.225562443381385       
15.510830156603339       
16.196189549459156       
17.114120757988577       
18.03566184981464       
18.77062487119519       
19.23167412101637       
19.441313196937536       
19.494617730939144       
19.504495330530688       
19.55030913355847       
19.64439947003141       
19.730032750195758       
19.717802178840408       
19.54662539975272       
19.231519854782846       
18.862039380879178       
18.552249580311216       
18.381921232036174       
18.370958550862383       
18.49761407242125       
18.736253903159998       
19.07796915132006       
19.516411535047098       
20.01723315363305       
20.509877679228897       
20.923643431990847       
21.245951090481594       
21.549144632734304       
21.95099880810331       
22.530853622416064       
23.262237915395065       
24.012910306181016       
24.61703340201996       
24.969201274870322       
25.06831989287965       
24.983335975694878       
24.785571725501466       
24.51647605147588       
24.213384826072208       
23.95121307382445       
23.839193160754423       
23.95687143360395       
24.27769441281704       
24.653176337040186       
24.896077357004188       
24.92054984232462       
24.82596281987526       
24.837060097980824       
25.134212951878958       
25.69863115062065       
26.286816389423155       
26.573896965893884       
26.389763173463102       
25.86731686783383       
25.368510751605854       
25.248442491734515       
25.63923923222536       
26.380767434834876       
27.122659407337636       
27.543368303400484       
27.549474508536314       
27.307744717996755       
27.094667017811062       
27.094120698221708       
27.28229290664999       
27.44978912016254       
27.330361402585865       
26.757486035655297       
25.756906150048952       
24.527739655504437       
23.341631328468786       
22.43037283073744       
21.91298149336454       
21.773010055531913       
21.878077090734386       
22.0360696983012       
22.07772860211604       
21.931809091125626       
21.64554595824357       
21.33264176980443       
21.08581192789781       
20.91822816989122       
20.775490265960155       
20.60751481480731       
20.440674095034584       
20.38230583555079       
20.54130568522672       
20.91918204297739       
21.356801911779726       
21.59974003599947       
21.47070561989764       
21.030603139980503       
20.580071658028086       
20.480576019920903       
20.924717206899587       
21.797212942602236       
22.70554551461852       
23.20526698640146       
23.114290089811607       
22.664901930248067       
22.3428165353428       
22.553131575081597       
23.363749781113896       
24.457770932326184       
25.32022224727131       
25.582790008444693       
25.28147059626192       
24.793878065440587       
24.51856153366222       
24.577721909039482       
24.74716110199766       
24.638931898569723       
24.012421306521908       
22.973129401956655       
21.887749473010825       
21.110385085064074       
20.764650292614146       
20.719056489979078       
20.729099246822436       
20.626960011890404       
20.411674975723376       
20.174900524937676       
19.953285927166608       
19.663179468232283       
19.188985366142575       
18.547954146271486       
17.96484436560559       
17.76579997995067       
18.172788355166425       
19.143802865308697       
20.35134743294345       
21.34258871697826       
21.821594839246515       
21.838244466327723       
21.708751308278774       
21.753096023924154       
22.081681370433596       
22.56552409463977       
22.968776908937468       
23.126743595895725       
23.032235164182676       
22.783200307318072       
22.477126263028666       
22.165851836964208       
21.892452813711657       
21.736255243747397       
21.78950907419577       
22.072600877699298       
22.473055373520808       
22.791544833132694       
22.888218291245735       
22.80471581115716       
22.723931815625722       
22.77857218199539       
22.87681017253014       
22.722956768510404       
22.072223685305385       
21.02742455091351       
20.070446513188916       
19.758565644358338       
20.3376349485759       
21.51800867001194       
22.543738592298364       
22.64961487800248       
21.67038225540031       
20.19906668495896       
19.09695729233921       
18.875109306070716       
19.425211862191457       
20.1360282493923       
20.321549215017555       
19.739871541360053       
18.737961975993013       
17.876453805851714       
17.45532189022213       
17.35134687927578       
17.21507068799342       
16.842341233533396       
16.400514961662452       
16.290315797358474       
16.794481533939262       
17.822894240894776       
18.928207908592647       
19.626371557436716       
19.81286559371238       
19.856896470530273       
20.252982490933533       
21.171518434337326       
22.270318531127188       
22.91871619183629       
22.733889744332853       
21.96317960230289       
21.290478698488858       
21.270637862080225       
21.910955106384133       
22.654268568592986       
22.785008849711982       
22.033977234953564       
20.830525194789097       
19.924854514102435       
19.7971669544101       
20.357400336055065       
21.051748105823826       
21.304226901387903       
21.018946048220545       
20.67559304591522       
20.91790174199256       
22.042367961203393       
23.739339651971875       
25.209544082758917       
25.67800390612163       
24.98302803641973       
23.675774877944214       
22.547306894460565       
22.09089278476578       
22.301727436413195       
22.805677032529193       
23.15774951732315       
23.125023257477704       
22.766788764806527       
22.290799286578412       
21.86249482528101       
21.53294184671825       
21.29361800316785       
21.155465424978253       
21.159420989651906       
21.315927291381076       
21.549152698675428       
21.72019498190006       
21.730278086592836       
21.62043484435781       
21.571275810016612       
21.792381507948758       
22.38353241644964       
23.257831163681338       
24.166766124427927       
24.81365249907712       
24.992636255754448       
24.67192029960755       
23.98485010209245       
23.160195369379753       
22.444009092342313       
22.037968782288814       
22.052159483084523       
22.470625191161957       
23.144901862039777       
23.84008057921614       
24.335670184922225       
24.53152530603221       
24.482228600310467       
24.33213206508776       
24.206550020809086       
24.143731698358742       
24.107138147202775       
24.049976070166238       
23.967183877211568       
23.889463029295165       
23.833342919247773       
23.76521207882201       
23.624297094737962       
23.39199954948965       
23.14372930939866       
23.026010472182094       
23.165668522668906       
23.575532861845556       
24.12345484432552       
24.590899086271865       
24.789767903276694       
24.65879325152491       
24.272043472787917       
23.76776794101074       
23.269472272631976       
22.858887148503914       
22.598612735164295       
22.557204083277803       
22.795710903521456       
23.31758318144039       
24.02318617294635       
24.717042276289092       
25.1844869088038       
25.297674927974228       
25.073691339905633       
24.639619183743       
24.139278876519278       
23.661190320145856       
23.23773836495695       
22.89993611591128       
22.726945887711288       
22.835344329605196       
23.302195246371156       
24.067265801892262       
24.883395066996925       
25.37861394743465       
25.24175797616511       
24.43651782879662       
23.279309816549087       
22.302507820406127       
22.001181352968356       
22.620894073238244       
24.050411597550234       
25.825887818810298       
27.295162852665634       
27.942774970733566       
27.685326557571432       
26.88876192457721       
26.091381921874625       
25.666536975304226       
25.646582488761783       
25.764477470579415       
25.65876664752545       
25.120604957447647       
24.21786857152662       
23.213253764081088       
22.36869525679583       
21.80215450154067       
21.47837119513688       
21.29892160129015       
21.201128128528698       
21.188607850119386       
21.28400278850086       
21.465175924419416       
21.656348506044566       
21.78920946692981       
21.876005012007454       
22.014473696852182       
22.30386672999767       
22.736571935107566       
23.159496992534574       
23.3545719912645       
23.193774838521612       
22.741791109003223       
22.207249945895974       
21.78134394638395       
21.501399478089084       
21.2448727359236       
20.855626150046444       
20.303543125440036       
19.741273233507616       
19.40632099865429       
19.453748770088875       
19.846956488101497       
20.374435736050778       
20.784365412399328       
20.953317616816395       
20.963021125068167       
21.02823132603585       
21.347662447149876       
21.992820783540918       
22.88774432015596       
23.860904102213173       
24.720389453149902       
25.3124149205591       
25.556882335262426       
25.47611960325412       
25.21386827489628       
25.009660258771053       
25.10498341426819       
25.611582542014794       
26.415329044309797       
27.193819764976997       
27.582250061449805       
27.408778921411628       
26.81576502698621       
26.151049798797125       
25.72266995881719       
25.61832174680825       
25.708267766895       
25.806990120702444       
25.858785639490268       
25.986027575035223       
26.3525319128575       
26.96151655311312       
27.565456113085936       
27.78930596472227       
27.40645408195979       
26.541310916540667       
25.600571871623043       
24.99204205954077       
24.873249044872388       
25.098093410365955       
25.366826728920632       
25.467665481724747       
25.430609737386224       
25.475913793600817       
25.825488364340764       
26.550997471529243       
27.562465027214436       
28.70864787086677       
29.875013906640618       
30.980804950273587       
31.895254925819383       
32.4053875217218       
32.33878658350044       
31.76825483923434       
31.077317448449776       
30.755168275338228       
31.04309284367302       
31.683466395374403       
31.97974629757836       
31.241550735221168       
29.36329865374003       
27.000355900570206       
25.127485892886057       
24.406417899107172       
24.846383024119422       
25.836774791176726       
26.503702065875345       
26.287944677744203       
25.326787017682935       
24.262167532782843       
23.690207808444008       
23.762614236558502       
24.165018787793585       
24.404157259502725       
24.198450197943632       
23.66696987820942       
23.160953152116114       
22.9301149941282       
22.92772011286135       
22.877966384806093       
22.52192068776386       
21.829544860121075       
20.99177460327269       
20.223486417193367       
19.584991964383978       
18.97699302265353       
18.29156779914982       
17.571063550899524       
17.02379990227468       
16.886679143872083       
17.261929450617583       
18.046269945732817       
18.987359462814418       
19.83027097017204       
20.447521873210707       
20.845615146595296       
21.0608287908664       
21.069085381134123       
20.80888439455199       
20.290697217056056       
19.670131845051426       
19.195944040681567       
19.072879993793453       
19.35308799381659       
19.928656850976367       
20.618520422304226       
21.28081364533848       
21.860731078385253       
22.341925742603745       
22.668251604221012       
22.734580861564616       
22.472058880879455       
21.94516928712797       
21.350530854478436       
20.903406166368534       
20.710587245600003       
20.734553435759775       
20.86969120327487       
21.058868498682312       
21.339599276023996       
21.767968543211612       
22.28719533643004       
22.674016040229162       
22.65033036303203       
22.103387889282427       
21.21761938082525       
20.37013211839573       
19.871192884433544       
19.76155729113136       
19.797961403919558       
19.630300369814268       
19.061915700097295       
18.192778587587448       
17.324473842372917       
16.735414505945208       
16.529752692324188       
16.644177593875686       
16.95723081758222       
17.39200480288957       
17.925941420685525       
18.512972229906246       
19.016819277702904       
19.25509700257756       
19.14541180307868       
18.815935311265832       
18.548851778066705       
18.589094374909486       
18.975364360894375       
19.516673225792896       
19.93412770819029       
20.07032327565253       
19.985722830846832       
19.84953810996653       
19.741604753239173       
19.565729198359296       
19.16357175883728       
18.528173029994544       
17.89757880677       
17.612150742357272       
17.856829391229578       
18.495706729795558       
19.128570049858133       
19.38521858384211       
19.261797044641533       
19.167513305795058       
19.609954953359196       
20.794368848122122       
22.407682429492002       
23.735887205163973       
24.147633442633104       
23.612385649397957       
22.72570216668926       
22.21098022400407       
22.39653331705351       
23.03624184153733       
23.51274706341803       
23.30909421304549       
22.41990945788804       
21.32620911943407       
20.587953082938885       
20.46888886790935       
20.85110403747343       
21.406303857731686       
21.868815386208084       
22.20403837491025       
22.53800764552178       
22.93786964984599       
23.26601646825551       
23.24846422244595       
22.707002018170712       
21.742236812484393       
20.68479509101079       
19.865473664924174       
19.4156948435044       
19.23449883370244       
19.106982096612303       
18.87117206019898       
18.509117380038983       
18.10526456339482       
17.73739358368777       
17.413983800125166       
17.1058637988258       
16.823412824153433       
16.650646737837416       
16.693467192133163       
16.982397076612767       
17.40964537694089       
17.758684579367575       
17.82596799827806       
17.558261899482503       
17.097786750891338       
16.700044150692154       
16.595764070235735       
16.88900826333084       
17.525523450267134       
18.322410130308572       
19.047436077350408       
19.52863536144817       
19.74594897835106       
19.845618698592155       
20.05721166022751       
20.555332323352182       
21.339449764156466       
22.199172919844916       
22.808584246047122       
22.92520621966878       
22.560162902539126       
21.96856663785998       
21.4609981317091       
21.19570037279832       
21.10497921233173       
20.993181182470977       
20.726886405425486       
20.36174687982644       
20.09088615148771       
20.062544736621927       
20.230256202097653       
20.366100182958547       
20.248098526409596       
19.88323551705555       
19.557573274258353       
19.651099996874553       
20.370936959569       
21.58729480396368       
22.869686385560204       
23.740695304289545       
24.000752104389285       
23.841324526633038       
23.63692271596147       
23.624513308428007       
23.74541705582422       
23.75074524931452       
23.474759408482974       
23.044187375843357       
22.829935663762967       
23.186684618423058       
24.194976909516306       
25.571349145829604       
26.81123545859392       
27.516302125769762       
27.677953973819637       
27.66340281123513       
27.9168956408766       
28.62952541093174       
29.596049610005235       
30.330388372770134       
30.386627382969394       
29.681960027833558       
28.56474717038662       
27.575426145566883       
27.11006179308804       
27.217421175415456       
27.60857486833117       
27.853559511414204       
27.669715940204455       
27.115236452713177       
26.53073508954222       
26.276136614907067       
26.467442879402903       
26.882804803970764       
27.09693310004441       
26.785435516376722       
25.989592647278272       
25.1069093130945       
24.607695401271695       
24.71586865005337       
25.266831792651352       
25.808552480660673       
25.900214796393012       
25.41860937238544       
24.617271051148368       
23.89568263822078       
23.510520600605517       
23.46375430358526       
23.607397121048052       
23.84030324559477       
24.212157125094148       
24.83164819848601       
25.66061568149786       
26.394478638912894       
26.58773213945824       
25.985405380512198       
24.77246864193244       
23.465294125495188       
22.52953589030134       
22.066048802266817       
21.790056334727453       
21.304761425941237       
20.4823196193665       
19.62512133504777       
19.243651491526748       
19.663871100604037       
20.763276722239205       
21.973656935686673       
22.60481004386373       
22.338576562894925       
21.452552535821784       
20.538377256215       
20.02727204582631       
19.948025041334663       
20.027095898592435       
19.99401494078787       
19.839649102784566       
19.799482722276064       
20.09233033453461       
20.671882130470415       
21.212180246516155       
21.367650645465012       
21.109426991032294       
20.80338438269546       
20.92885568593614       
21.690993781012065       
22.811463017081593       
23.6394614393523       
23.58674846453978       
22.59576516197789       
21.19365008468417       
20.088407044568612       
19.72826734335382       
20.143323877226177       
21.045515754343004       
22.052148031139193       
22.899656098252184       
23.514504377614532       
23.924515551553856       
24.144837115069546       
24.164485200826903       
24.01692588769952       
23.81630291959405       
23.687365907362885       
23.65014093007113       
23.587743688365872       
23.36098027911218       
22.988195781584803       
22.712122623559225       
22.859274272211383       
23.589060995185072       
24.71514816829305       
25.742454812448145       
26.162221558813073       
25.827486129144862       
25.06763260743337       
24.41861297621954       
24.22831427066957       
24.453791553046315       
24.75217600201887       
24.78069515924012       
24.483240062892516       
24.12008770116222       
24.027518839757175       
24.340804766463368       
24.8982193657018       
25.374240484158587       
25.532347277333866       
25.38741916325416       
25.13836300977775       
24.957553663572003       
24.849389975061932       
24.698248221081855       
24.44606729898677       
24.220677007965293       
24.27850266810184       
24.802356733016072       
25.71838694125551       
26.675730284285827       
27.234612316027455       
27.154101038101384       
26.542904184368       
25.73551190675901       
25.021430947034794       
24.46795530375549       
23.95226830989079       
23.342255169977506       
22.663925640666147       
22.114498946774003       
21.9237680767302       
22.194305850588474       
22.84092022595555       
23.65922711407141       
24.468372564289613       
25.217414199953495       
25.96742068389275       
26.771168547247793       
27.563354108311497       
28.161696685138814       
28.38673013827439       
28.20515535316922       
27.772277028633365       
27.336183010587245       
27.086191027652664       
27.05861758523704       
27.15125934302803       
27.222053377291477       
27.200527248474593       
27.137049066128032       
27.162006210738344       
27.391501857740565       
27.84380335902521       
28.412988141153516       
28.913752676688752       
29.17959443426806       
29.164560953607218       
28.98425072341508       
28.860481444470445       
28.99348342741518       
29.428220064426394       
29.98542887835538       
30.31030063203504       
30.04843395137801       
29.068460229102072       
27.574479031350883       
26.008154427675706       
24.809952227965645       
24.20745648502471       
24.13881343445836       
24.319951836470626       
24.418257856827292       
24.251824298888806       
23.888112660652983       
23.56720855690948       
23.511380338600866       
23.75769373650921       
24.11321465539336       
24.26136404699548       
23.97102086196524       
23.271482228244004       
22.45020388301671       
21.869587243487526       
21.744654871030487       
22.023684064030142       
22.429694834005176       
22.651907925627867       
22.586416634527623       
22.44209793088555       
22.606044234527072       
23.362792002018285       
24.64938028124967       
25.986196335874183       
26.68440093571071       
26.2921951480813       
24.959308597045904       
23.36646824490241       
22.280990993098168       
22.13310117890487       
22.85376860572824       
23.953660343958447       
24.798108866756515       
24.987669786665652       
24.58720920608112       
24.012268380345077       
23.704176524839056       
23.876663278678546       
24.468635535684328       
25.259567001252055       
26.03580035290828       
26.693422660479637       
27.224569263472787       
27.63871319412201       
27.916804795014528       
28.038802561644832       
28.034136925443796       
27.9766931335474       
27.909478341950226       
27.771386741619985       
27.4183349450811       
26.756659475157495       
25.88945912049663       
25.130978560495006       
24.84729485146062       
25.229692827096287       
26.141923899551276       
27.134289794537843       
27.66300116904862       
27.423048979859168       
26.544861813120292       
25.475621712940523       
24.65709353566257       
24.26613237941263       
24.167694097803825       
24.06346409450105       
23.728092470603322       
23.175119126896536       
22.636605707127938       
22.394456966234657       
22.60883123392254       
23.247383406108813       
24.123594654271034       
24.998277219684155       
25.67969898301145       
26.069650950399502       
26.151996891444764       
25.96506406547768       
25.59225841677866       
25.16234538263064       
24.827145502391755       
24.70559404957822       
24.82212182571758       
25.084580107066376       
25.33021807749275       
25.424973569741265       
25.352815002253397       
25.223358033829797       
25.182878114288673       
25.288602577033302       
25.432576130370805       
25.37387200182338       
24.87954387719133       
23.896607546936004       
22.62956268973693       
21.455418565193145       
20.737693930566067       
20.662702486641933       
21.168236607714842       
21.97237358021634       
22.70063209140025       
23.079630916961335       
23.089286672685283       
22.958947572829526       
23.01085285992275       
23.4685446089827       
24.342417043382596       
25.43340084511315       
26.442748031648534       
27.12988270634817       
27.420297579388393       
27.395707937728147       
27.198169420781692       
26.94557471161531       
26.723932657983394       
26.637172806195693       
26.839014228884057       
27.48676035204105       
28.62382698519886       
30.06126754866213       
31.358522498114027       
31.979856888716146       
31.583980059264903       
30.24711654878794       
28.423541357846567       
26.670843272461788       
25.363274738140493       
24.57536892270726       
24.151919085642515       
23.879002091020475       
23.64539453964159       
23.49871704034184       
23.574708553421736       
23.97101174095639       
24.660966306123115       
25.49462751236741       
26.272743791497742       
26.838629544617458       
27.12997181733536       
27.173295718658608       
27.049928822177126       
26.8663757013175       
26.73079448840005       
26.71823893562983       
26.825695543119313       
26.95152560975797       
26.940893117755092       
26.694552784302008       
26.266081213867714       
25.85060979786277       
25.64782985862597       
25.693627829220862       
25.791931865976625       
25.62626908294803       
25.00764289219293       
24.066790049715717       
23.19642982611605       
22.770546422278954       
22.862933182736732       
23.160497869809657       
23.152908873282332       
22.529663365066472       
21.4828881026036       
20.607417070281233       
20.48183549519397       
21.285508539696007       
22.657136302457303       
23.861184422485245       
24.271448044853493       
23.86014653023071       
23.203186950359388       
22.986346003325192       
23.487140506409023       
24.387547298547528       
24.99073650867388       
24.750720049706757       
23.728905728101264       
22.527023871532336       
21.774191851801056       
21.669780410303378       
21.89266630558594       
21.881663049067534       
21.319782920699517       
20.443353737400336       
19.874370599104772       
20.15616177225484       
21.38217126108931       
23.080147287699642       
24.407333670129763       
24.661997792466472       
23.777591085418702       
22.335204051329097       
21.115098009978777       
20.648479870077225       
21.063055500957407       
22.156103156996704       
23.546946593384977       
24.834262480155154       
25.71339567861536       
26.03032509475172       
25.788711110640822       
25.1301393366066       
24.281969564758256       
23.47283440955593       
22.854075947364638       
22.47801336778281       
22.344539498101483       
22.468485853000583       
22.893472552815982       
23.617292207139794       
24.479166719331772       
25.127051377999727       
25.16677597397575       
24.445442626830545       
23.2306683491399       
22.080359455638984       
21.493367208228854       
21.61553834030409       
22.166756959107754       
22.616920727719307       
22.549054125845128       
21.964236753552356       
21.243181063570727       
20.801679113703656       
20.762334318700283       
20.883009276529894       
20.769652042895654       
20.225182262703182       
19.44247373970301       
18.855555635471532       
18.803626003405636       
19.297031376794354       
20.020150318173815       
20.557562580650867       
20.70068579230009       
20.57432715734945       
20.45946774625173       
20.494768717476617       
20.531531872146513       
20.26289021691698       
19.530004848733075       
18.528890522735246       
17.70258498159846       
17.421831228433824       
17.727714952673946       
18.28513633832667       
18.572669700593142       
18.235370103656752       
17.336964389801512       
16.265123981630538       
15.393589456730357       
14.820083482208677       
14.350154933033672       
13.69359512338002       
12.730443707002273       
11.636491324436545       
10.760174678375563       
10.386237657208579       
10.58190943000791       
11.167979496738662       
11.788824801024328       
12.08798702592906       
11.920543101957538       
11.434550008926731       
10.951492794272566       
10.765513257381603       
11.008512363795584       
11.613360185071       
12.348874980150425       
12.924739549523851       
13.145509940052165       
13.020339720039532       
12.738718306583197       
12.534208202603098       
12.544331070688516       
12.750050903828063       
13.011742807000715       
13.175095003909618       
13.18157457624995       
13.101019586403835       
13.061727462077723       
13.141206502140193       
13.302940018673034       
13.41921097743616       
13.360430918190488       
13.083777329119306       
12.651791562885263       
12.175561770668711       
11.74490227656048       
11.405517107236351       
11.186522328845706       
11.135542097918856       
11.318483268933127       
11.778206185548413       
12.484139254018073       
13.316903090304173       
14.114246024746937       
14.755785937319981       
15.215198704982624       
15.527272445275946       
15.703055898643715       
15.685531675101444       
15.40653589548094       
14.90640932795422       
14.39708750777489       
14.18620456769685       
14.506839627885025       
15.357054541041748       
16.425178625429826       
17.18060536204247       
17.169800215195856       
16.34317841599148       
15.107346957367382       
14.044260001744126       
13.569834218217006       
13.770928026169374       
14.417024672234664       
15.082882756216394       
15.36831577759872       
15.12218152282142       
14.50028188094056       
13.816438078033208       
13.33257547695602       
13.141468826332417       
13.175853071270526       
13.299777972167321       
13.421043398904098       
13.556942007466326       
13.808517175117238       
14.262834463522305       
14.891878788068475       
15.518918117613172       
15.896564847170163       
15.874438489367563       
15.538169909078844       
15.191273023502283       
15.185302052160507       
15.725733945956422       
16.75631422975956       
17.960114722012005       
18.90532698920529       
19.295652822669076       
19.14993840490922       
18.754378804769207       
18.441995505205867       
18.391731785228046       
18.56902694017543       
18.800497147341336       
18.90718580625908       
18.802522907269285       
18.496616478890072       
18.033035082607555       
17.437290849729912       
16.723726953624325       
15.934968370772395       
15.154164291925467       
14.465378020154521       
13.898711905228787       
13.417486713603047       
12.968843104764018       
12.560059072738353       
12.28958997512548       
12.294015458065218       
12.643711460262812       
13.257559521933237       
13.900610368939352       
14.298963953702364       
14.319574620090368       
14.06632836491488       
13.794453873642029       
13.719705652611953       
13.876940978972103       
14.111921444088793       
14.200805836337295       
14.01964309514629       
13.633165407392923       
13.229180228641564       
12.968603572802367       
12.880722146193913       
12.867060826946005       
12.791706026440218       
12.58465733055461       
12.278541909003616       
11.959590997020902       
11.693088897855844       
11.49537338075029       
11.367934862768617       
11.348725012757825       
11.520678558835357       
11.956291326121761       
12.631606811244264       
13.372069914003433       
13.89289146303665       
13.948685491182344       
13.5004387562582       
12.753376079901297       
12.027856679815203       
11.581426419955955       
11.51105909525228       
11.759739312462528       
12.184953802160804       
12.642498717070582       
13.041577327772702       
13.344224345396272       
13.529004018230042       
13.571027913696604       
13.468349847575205       
13.289495512041762       
13.184626407859605       
13.329920802511584       
13.830862340474832       
14.63734391379102       
15.523189547589183       
16.175229213830125       
16.377799551686827       
16.167562660361394       
15.815604022262246       
15.641067546955783       
15.800461394236182       
16.18091600541636       
16.45036718961069       
16.26512692177741       
15.526338759726096       
14.473429508820617       
13.518261011060712       
12.97282444096673       
12.87826972124877       
13.000628560794956       
12.97667038413762       
12.560421912100383       
11.809671738213892       
11.040092970467313       
10.593651214152413       
10.629381410541853       
11.047572945560386       
11.537752912612705       
11.742395658699166       
11.476722589628812       
10.838313522087041       
10.10974393657379       
9.562615678254353       
9.331344258943178       
9.405730373159622       
9.692143437715883       
10.086936436756538       
10.523780906460665       
10.974352249786838       
11.413285857265004       
11.784014985897528       
11.998495138170897       
11.977238094654632       
11.705696689163773       
11.267747308492359       
10.829702390069393       
10.580849204920145       
10.659976998708476       
11.09295693657115       
11.7552827947471       
12.387764423179052       
12.70339663395848       
12.557999076559577       
12.0559275099827       
11.482633422289451       
11.115559350886583       
11.062422751743194       
11.215513607513893       
11.329766193527636       
11.191544326732126       
10.771363034950888       
10.225722851903175       
9.747166428237653       
9.407661584769597       
9.120389966392434       
8.736928086946333       
8.203589515392617       
7.639646421251547       
7.257920123653591       
7.206096187530663       
7.454996310984138       
7.7872646294658825       
7.913391806508813       
7.686443124309838       
7.2370544848461575       
6.8788005535774515       
6.890245367561716       
7.366760375489553       
8.178481154512284       
9.016513443059702       
9.556990602825975       
9.667886376565276       
9.471875101564237       
9.215537247482875       
9.093783168952381       
9.16830360049897       
9.388489142937207       
9.656247657900305       
9.880490289763168       
9.995427418261713       
9.954911177293015       
9.73504865695675       
9.355595517350723       
8.893493219160467       
8.45886722633622       
8.141738830707977       
7.969013169269569       
7.903065857639883       
7.883441336802464       
7.884198622292643       
7.943843028593267       
8.142890196850367       
8.546613444249115       
9.152901106795438       
9.87589160470033       
10.57717491055488       
11.13007497856202       
11.474885943867354       
11.627988875388803       
11.648728253395864       
11.598005046080345       
11.51365776205827       
11.402741936258083       
11.24152807962826       
10.983895706241302       
10.587579258442641       
10.056414175944754       
9.471404212958284       
8.977081557561757       
8.721675696567363       
8.786171271404058       
9.137066944494189       
9.621712761002904       
10.023762156611477       
10.17272123826471       
10.040495403366544       
9.74470316253065       
9.459713048881943       
9.314740636942746       
9.345265823169902       
9.50381092591945       
9.702394677091561       
9.85693380851226       
9.91422811684542       
9.85948533050281       
9.715387602096776       
9.539313001571474       
9.412042918639111       
9.409550616439107       
9.562722172037674       
9.823952065135057       
10.065797007235659       
10.130761959390144       
9.920134518010975       
9.464984522403595       
8.9194847010485       
8.479080417956295       
8.286350798637907       
8.378410729769557       
8.684560179158069       
9.067037654970537       
9.399123348865135       
9.648443190494506       
9.905166266910804       
10.322946041498863       
11.002331187226572       
11.87556672960328       
12.659293825914558       
12.953951866306824       
12.497275101842602       
11.393303952944356       
10.080524240201283       
9.051989696066817       
8.591206909595856       
8.690295092576612       
9.097916635917413       
9.451165802472058       
9.493102082873868       
9.24312829905476       
8.948433377650238       
8.87025182434924       
9.108761503493088       
9.57001099384171       
10.061623647547558       
10.453871160003404       
10.780234308309916       
11.1783283383016       
11.72452336676829       
12.308944281970062       
12.663958450666593       
12.556497989241166       
11.996828168691797       
11.254342995738272       
10.661348553024336       
10.400239571654588       
10.43067880915231       
10.56224928125555       
10.609080738626666       
10.522121584830433       
10.391020400505383       
10.322281932628933       
10.316666725772777       
10.254130822366855       
10.000799617189667       
9.55094747628279       
9.069978389755427       
8.795378484892804       
8.892720550417094       
9.370996102938403       
10.080398396602696       
10.786834148852458       
11.298277401299547       
11.559825927725438       
11.641733554067283       
11.646621917192846       
11.62826837159815       
11.579174862287344       
11.473782772152203       
11.315548338544327       
11.14493836858223       
11.006178335389412       
10.90557299664943       
10.796792684135529       
10.607415215963046       
10.29432471956463       
9.893059526109692       
9.522887912041732       
9.336424202306077       
9.43816606725671       
9.80638418962535       
10.25062588274713       
10.456784064175384       
10.159142175888837       
9.351832887329179       
8.336635902132304       
7.533878970399333       
7.237605960399344       
7.497561051684867       
8.113569009200472       
8.715716984712198       
8.983191076041859       
8.889822314916838       
8.716742652734567       
8.810535571186794       
9.325509490439261       
10.106124506527717       
10.746939695196554       
10.855035515917432       
10.359832271130117       
9.562020132463187       
8.877486445897503       
8.564508607076942       
8.642942578585942       
8.969494940894782       
9.370826360288486       
9.753722401141673       
10.1194395839748       
10.486666657535892       
10.817867017813592       
11.032543855166635       
11.094567684357909       
11.073966775027056       
11.102241334989188       
11.254237238234024       
11.465435997763407       
11.567898187921914       
11.438615410453332       
11.140036885650613       
10.909202292303174       
10.998015855123423       
11.50177659552733       
12.282635256307316       
13.027521745865455       
13.434590272670054       
13.408768510290363       
13.092425377504311       
12.716388110031627       
12.433591517931507       
12.269861537948804       
12.186471011161252       
12.16325856029513       
12.217928827008162       
12.352549612740216       
12.496257599836541       
12.522190168838653       
12.347052435004418       
12.025631037645638       
11.733947514774748       
11.640889101087732       
11.77460910039659       
11.984621518816768       
12.0365858187058       
11.791664965731309       
11.326464522224683       
10.876440584050957       
10.660370469385173       
10.740649907256808       
11.000548872394916       
11.229317568548819       
11.260025517417086       
11.064722599000103       
10.736710069953558       
10.395227548210784       
10.106397639029314       
9.867673177281446       
9.634053881544284       
9.345619626026064       
8.94373212251114       
8.394563464082617       
7.730969887083077       
7.0809546448206255       
6.636957392745936       
6.572471696210474       
6.956024931747583       
7.688343337113681       
8.491925870607368       
9.029729304222313       
9.132556063286223       
8.923267816415452       
8.690900244668082       
8.647803453612593       
8.783891362757714       
8.895366032804887       
8.760300178034727       
8.339137358425143       
7.813627309032315       
7.429118545270073       
7.312755350421425       
7.413228887968256       
7.568909546763763       
7.645181829565526       
7.635698086053983       
7.633518812855196       
7.708372451220988       
7.819797831218485       
7.852764944432838       
7.752507499517794       
7.628282398500327       
7.707618634572788       
8.178224298422608       
9.038409240483741       
10.038565896937618       
10.792696537712484       
11.053469101637665       
10.912629312566077       
10.702167639756395       
10.70868635253764       
10.971124958709042       
11.281597757489724       
11.366655341103689       
11.125459590912431       
10.717242702450836       
10.419226802676269       
10.414292560713154       
10.688664188299072       
11.077897909159649       
11.407195577346728       
11.619811529055484       
11.785057821967595       
11.989456504317175       
12.226430939024645       
12.385573718521126       
12.346209574692027       
12.086837945346565       
11.704575964677769       
11.331650586378782       
11.03883594596087       
10.81146744025695       
10.60310326687545       
10.40507559819487       
10.262885193400402       
10.226365941060775       
10.286357080440181       
10.3621081456784       
10.360273860962666       
10.262624924318732       
10.163892497247648       
10.222941576943892       
10.571171742024484       
11.244974930697804       
12.170718055763999       
13.196098584780879       
14.145092211206535       
14.867511699274642       
15.27157064319741       
15.35098455902253       
15.20657998407883       
15.030627767393268       
15.028836497120485       
15.306122893978072       
15.781887565103638       
16.204099170706144       
16.296013190318902       
15.962226561680888       
15.376008183581       
14.848425560239459       
14.59161325149261       
14.56605795011556       
14.509683447342082       
14.13907819340329       
13.393047283971134       
12.50485870384265       
11.831635571166105       
11.6135926475587       
11.850948863433374       
12.33338415916449       
12.78497057260676       
13.048986805289047       
13.174928346794946       
13.333860800763219       
13.652886717828466       
14.112290181758278       
14.56808610633887       
14.867162895910914       
14.95913976610122       
14.914368312623854       
14.848402429211761       
14.835513240258678       
14.880909097833836       
14.952044731736322       
15.022281443442443       
15.085688007500101       
15.142736245853891       
15.188038072839673       
15.221071773469097       
15.264833654846644       
15.360133244271395       
15.527734331369702       
15.730933093845888       
15.882630281222804       
15.905760504269349       
15.798709289885043       
15.637780072879197       
15.504571941444363       
15.404874952698812       
15.262296889440924       
15.007383231055062       
14.687301179290484       
14.479182868556114       
14.570133685566951       
14.99041991466133       
15.527766061516484       
15.820691992578379       
15.625977609984142       
15.056415947744869       
14.53545000658619       
14.494043245884543       
15.070385436179906       
15.986152697513578       
16.667713252747873       
16.629140615285063       
15.867027663905805       
14.866156534343675       
14.211764892925576       
14.209179992304568       
14.762630204231195       
15.482052748491526       
15.942205978393348       
15.95348331794692       
15.624820820932408       
15.183293993899316       
14.763656682699235       
14.359483377194191       
13.930469514927971       
13.521654798335632       
13.260338273626996       
13.232301835854779       
13.359837354159094       
13.406175986696129       
13.143552770726743       
12.570564605778745       
11.964792579507256       
11.702218638205814       
12.010538634267892       
12.82214543199595       
13.773058594464601       
14.382987705030692       
14.365585626847531       
13.819581749630348       
13.114580016131379       
12.609573330768898       
12.465073098628004       
12.636238080423732       
12.977012205960456       
13.359650561366747       
13.733517941976611       
14.098070124805359       
14.437896179338832       
14.691986382546007       
14.784447810982568       
14.681720579555906       
14.420277861078391       
14.08571245736008       
13.774403889683757       
13.57542522481219       
13.574758724579306       
13.854036965885255       
14.462097313618099       
15.368375084813202       
16.435284900769265       
17.450689973719307       
18.222673288746922       
18.67191283506507       
18.838890110530013       
18.798905008187614       
18.569401617305033       
18.10027739107522       
17.357647808114848       
16.41878996315237       
15.47746043605052       
14.745043823357623       
14.332500897277647       
14.203132819413852       
14.220933519193414       
14.256903803530063       
14.27373656566734       
14.316517933552264       
14.417231412527153       
14.502961343909787       
14.402013898329098       
13.968238311148495       
13.23087213430015       
12.423711297255261       
11.851937484661805       
11.710636497490464       
11.97967401148448       
12.431722880367156       
12.753843197775995       
12.742776554294784       
12.43997233265795       
12.087335400447937       
11.95384847822091       
12.18435985434685       
12.751910003271815       
13.502148182686376       
14.249804806029081       
14.87135620258456       
15.335600148385007       
15.664693393492753       
15.878740448195899       
15.978815067130851       
15.97312772072578       
15.905585837301167       
15.846746516593123       
15.849003206631341       
15.906819509321851       
15.963359568342531       
15.968786607097563       
15.948249994447766       
16.018171360256048       
16.324990867084896       
16.940419443514735       
17.776416293925458       
18.578143025014633       
19.027191336169647       
18.91801326183706       
18.28718714745119       
17.389907644084083       
16.548683730503917       
15.998618483699278       
15.819914320082269       
15.956258545212465       
16.272574511154193       
16.613273400577732       
16.845674719289917       
16.89443397893203       
16.776417852996513       
16.623067546433784       
16.656271812456808       
17.100600148000645       
18.05605125765353       
19.385302935133442       
20.69757276901844       
21.516945631158507       
21.59717689889656       
21.138318662368107       
20.68001815012368       
20.751668166317625       
21.551271276002957       
22.81977351641711       
23.965801921515645       
24.439347070356774       
24.135841402015796       
23.467797389098703       
23.03459033752931       
23.208220357793465       
23.934861392831063       
24.816390289972226       
25.401923348027644       
25.50354283042256       
25.283585533019366       
25.051308384949014       
24.982178210894098       
25.002544863415626       
24.90496097881913       
24.576604482777864       
24.1343009523636       
23.844179215356498       
23.90926380847375       
24.31160798055548       
24.824612007280507       
25.182147214247646       
25.274059016792094       
25.200351626401435       
25.138915846273942       
25.156687367542354       
25.132680840170913       
24.85642511657989       
24.22173895898042       
23.347713082060142       
22.51738991017447       
21.99419004493481       
21.868198946866933       
22.024282974977467       
22.225300426358174       
22.2465888710708       
21.978597560214006       
21.44559904686802       
20.758991308682663       
20.062159236754365       
19.496618829122085       
19.176158167596434       
19.150664671781826       
19.37037482902597       
19.68685983864717       
19.91889354462769       
19.960146377162225       
19.847679473205407       
19.72208153447228       
19.703266265891244       
19.783007514940465       
19.823180429932243       
19.669878573947102       
19.29613958736985       
18.84235334801679       
18.50576313111766       
18.36972012464262       
18.31141786775535       
18.068686608064937       
17.441842315346207       
16.483835558871352       
15.504486838697368       
14.879471825511525       
14.830317980498265       
15.312867247956163       
16.03659572474647       
16.60758610000324       
16.750333321085463       
16.463723686330344       
15.981862019407323       
15.584831960818784       
15.419066447318068       
15.431753401369878       
15.427104484630377       
15.206164452382462       
14.715701167715244       
14.107273749951865       
13.661355370291483       
13.634879371364418       
14.126190068301877       
15.00600270124025       
15.944027181137841       
16.570038112363843       
16.71868958108886       
16.56711346400149       
16.523452096714315       
16.954518810090804       
17.947477860456104       
19.219964268491047       
20.240594313656967       
20.56225274520873       
20.1565132916938       
19.440176227554048       
18.970922890304436       
19.101329263621174       
19.82366695465889       
20.82792809399732       
21.714698530498918       
22.247471946276804       
22.463437560188414       
22.563726287374664       
22.708316463195697       
22.89834656329522       
23.016024053012668       
22.958215830119045       
22.73690393779282       
22.46275301188903       
22.242684562533366       
22.09383112567157       
21.94418686931421       
21.707767670018427       
21.3635188273779       
20.97282717901756       
20.632417567448233       
20.414783293111924       
20.343839143755975       
20.40734665902789       
20.573960345352578       
20.790517228161058       
20.971146046481515       
21.013871799912465       
20.86036156027803       
20.561030540268895       
20.278519384069124       
20.20339628541893       
20.42993657324617       
20.87172650960643       
21.275784413292666       
21.34602244488038       
20.913508349059565       
20.03534129889202       
18.950956001097637       
17.94651854867975       
17.236764026370107       
16.920111504977378       
16.985501341209126       
17.328530758491468       
17.7655579044467       
18.071121173354104       
18.06232419697041       
17.70087074967593       
17.131666276284754       
16.607129016699957       
16.34498116352244       
16.420657679153226       
16.756968144334508       
17.205865187020652       
17.660552844479504       
18.10674648865884       
18.568742476218276       
19.01230581724175       
19.321883176508518       
19.407120888069397       
19.352369587290035       
