2.833866222717391       
2.7290108556907273       
2.600854901416852       
2.524438266303782       
2.542397621240242       
2.6393323698802815       
2.7510674296745052       
2.806929071341088       
2.78259284141914       
2.7177299330723756       
2.680907341523787       
2.717320516750052       
2.820303975855007       
2.9387071263884       
3.013570751882079       
3.0203569183386136       
2.98162801229175       
2.940325963674071       
2.922191819928879       
2.9198156832532733       
2.906754894307343       
2.8671222151448936       
2.8147187184279616       
2.7849724592475016       
2.8082577645727027       
2.886919381648166       
2.9907848218111095       
3.0734715295021138       
3.1003751390778014       
3.069131148595924       
3.0075431455382042       
2.95347022470141       
2.933972019854576       
2.9554123980430034       
3.004679195278198       
3.0569790521309796       
3.086775269986613       
3.079251240996262       
3.0381748999687153       
2.985159091565675       
2.9488109859244265       
2.9488278908312004       
2.9839813574154705       
3.0316580559827764       
3.0614812595830503       
3.0562437878363276       
3.024384587117397       
2.992062115588202       
2.9803285391480108       
2.9857582301077463       
2.980130155571323       
2.9320986987568594       
2.836780717129894       
2.728188635330757       
2.6618181557514453       
2.681338671262072       
2.791665651437822       
2.9493552123116853       
3.075904687477424       
3.0959214831293154       
2.9814741125409636       
2.7682282299110565       
2.530190813120577       
2.3369549385175485       
2.2250421755657603       
2.1923296787183144       
2.2068770927567054       
2.2235691963748385       
2.206550133617156       
2.149111568012926       
2.077085332100043       
2.0316612841414274       
2.04375414074836       
2.1151403149644254       
2.2142723089762795       
2.2912110741665646       
2.3093269773629053       
2.2728238738343642       
2.2241048048903824       
2.2118985425488815       
2.256817067452586       
2.3365103350130507       
2.398259860338218       
2.396056842652603       
2.328501676780164       
2.2432502556251577       
2.203541940748843       
2.247832325514906       
2.368626146953728       
2.51557084734693       
2.622734930325944       
2.650013380211527       
2.6087735931017773       
2.5499682544084967       
2.5288107952134213       
2.576130243268421       
2.6898288624948434       
2.8421385504607657       
2.99507886452129       
3.117076479280553       
3.193616489010267       
3.228421674450204       
3.237271765319853       
3.2389117426227476       
3.246518249564166       
3.26214037842056       
3.2763586174169292       
3.274327882428901       
3.245906633262498       
3.193590877623406       
3.132251852821641       
3.0808260258961218       
3.052552574670325       
3.050732872924681       
3.071756757270032       
3.111370762346092       
3.1680986936666926       
3.240890193847265       
3.3240461502298313       
3.405852646083897       
3.474567083763962       
3.5280968751801227       
3.5784552013614146       
3.6452048886071613       
3.7415301837202803       
3.8630422756642586       
3.987775613462215       
4.088170013271071       
4.146698827961228       
4.163172559740707       
4.14904802925161       
4.116179930360773       
4.071458456892844       
4.0210897011170745       
3.977523240277129       
3.958908915491972       
3.9784634984856995       
4.0317766699026585       
4.094176653499787       
4.134545650785702       
4.1386129549370265       
4.122892774604116       
4.124737107602084       
4.17412428431345       
4.267938126912692       
4.36571173618292       
4.413436349731653       
4.382825475267124       
4.295977662744758       
4.2130666278715765       
4.193110040455813       
4.25806597939886       
4.381330023987992       
4.504669401504446       
4.574618629760118       
4.575633912893312       
4.53544206802459       
4.500015407368367       
4.499924576879964       
4.531210343914866       
4.559059272752819       
4.539202426391121       
4.443957573914301       
4.277624714492927       
4.0733303329818495       
3.8762336622608045       
3.724837597908754       
3.6388898320382017       
3.6156395682523486       
3.6330919014646903       
3.6593361799015995       
3.6662563044909855       
3.6420172788163185       
3.594467403878199       
3.5424952888822547       
3.5015000765604314       
3.4736677301919694       
3.449962511916431       
3.4220668214495773       
3.394360498496994       
3.3846678200102387       
3.4110717242090627       
3.473826147046978       
3.5465080785123138       
3.586859030634032       
3.565426747239805       
3.492330888249793       
3.417509423641054       
3.400986708288144       
3.4747454138056497       
3.61965979777173       
3.770551987779584       
3.853576549864506       
3.838460931844397       
3.763799729527106       
3.710292376446907       
3.745231198345668       
3.879908724496403       
4.061702428329768       
4.205040530160114       
4.248683058267224       
4.198599612972372       
4.117560408253331       
4.071805038779639       
4.081636828917894       
4.109796275902747       
4.091809347726473       
3.9876943548082173       
3.8150078790717292       
3.634698566019401       
3.505581268560683       
3.448162289047043       
3.440590448665725       
3.442258260512744       
3.425296038576224       
3.3895448680639717       
3.3502268525052554       
3.3134279377451645       
3.2652585197184743       
3.186529303889701       
3.0801129977445534       
2.983324788373161       
2.950288966654429       
3.017839230897949       
3.1790281761490937       
3.379526889665463       
3.544147388094038       
3.6237097804972818       
3.6264753965835985       
3.604965935361313       
3.6123317545783324       
3.6669129172319215       
3.7472899621996825       
3.81428474648888       
3.840530040652867       
3.82482789488673       
3.783453185959306       
3.73260457273813       
3.680894981291316       
3.6354798317818826       
3.609534432137817       
3.6183801418441264       
3.665404515054209       
3.7319282882297493       
3.7848395167992512       
3.8009006678988673       
3.7870277021528054       
3.7736065837537285       
3.7826842860423118       
3.7990053291335233       
3.7734445946850523       
3.6653418579564936       
3.491802984700039       
3.3328821469666083       
3.2810961711391906       
3.377249814460341       
3.5732835999501282       
3.7436707493782597       
3.7612600521612736       
3.5985927459534635       
3.354239722604423       
3.171251022797727       
3.134421565194328       
3.2257484074725173       
3.3437720248187945       
3.3745786489407603       
3.277992230609074       
3.1116543082225294       
2.9686542404701957       
2.8987611473977277       
2.8815059548172286       
2.8588908203686776       
2.79703963214923       
2.7237292187555666       
2.7054454842422286       
2.7890981121171783       
2.9597648755118424       
3.1432364206267907       
3.259147121170431       
3.2901121198813263       
3.297423068199168       
3.363192689473626       
3.515734584319332       
3.6982488820555592       
3.805967592318568       
3.7752609419874825       
3.6472282500963993       
3.535492414153947       
3.532197064654156       
3.6385532301535046       
3.7620331810060232       
3.7837536507962275       
3.6589885940101077       
3.4591023667125844       
3.3087070457909857       
3.2875055117997856       
3.38053202794471       
3.495842675676523       
3.537775850210693       
3.4903948673052487       
3.433372464233458       
3.4736135178702963       
3.6603824056641803       
3.9423165911597478       
4.18664480901209       
4.264509447339463       
4.148996849378475       
3.9317543983049537       
3.744263548337133       
3.668443070035893       
3.7034665638916238       
3.787187396691649       
3.845681592203691       
3.8402442118409312       
3.7807266349030164       
3.7016511641584557       
3.6305035615111443       
3.57576395740756       
3.536013820054799       
3.513068412881477       
3.5137253738834966       
3.5397191702607995       
3.578456541097007       
3.6068667653667106       
3.6085416040606666       
3.5902964343423585       
3.582131150456457       
3.6188572690472154       
3.717056240950993       
3.862310089921959       
4.013342679269401       
4.120846841798418       
4.1505937481047965       
4.097291751160543       
3.983112769980934       
3.8460879652662525       
3.7271029326410106       
3.659651643037709       
3.6620089109687233       
3.7315245696604973       
3.8435469848558785       
3.959056376175087       
4.041411188094915       
4.0739594635797305       
4.065766963117493       
4.0408232141791744       
4.019953900069303       
4.0095148782703305       
4.003433888955254       
3.993934971653025       
3.9801771352646584       
3.9672622030497307       
3.9579367922708055       
3.9466156977309805       
3.923200718930987       
3.8846025487000153       
3.8433521682733853       
3.8237937001366884       
3.846997318576239       
3.91509800254197       
4.006145336221303       
4.083826741517976       
4.116877316773079       
4.095110139005742       
4.030837591728662       
3.9470403951036555       
3.864244271861688       
3.7960276154828834       
3.75278698675904       
3.745907761828908       
3.7855316542121784       
3.8722379908534994       
3.989483189078287       
4.104790706437225       
4.182480125742291       
4.201292932032867       
4.164065313955472       
4.09192356860364       
4.008774921705282       
3.929330983110768       
3.8589716608295817       
3.8028474651736985       
3.774107325617406       
3.792116249505795       
3.8696812486169305       
3.99680808551583       
4.1324378727510025       
4.214745901983865       
4.19199901666342       
4.058170462974056       
3.8658787928363187       
3.703596202528265       
3.653540781369605       
3.7564886103064428       
3.994007345124658       
4.289091107241715       
4.533350152595717       
4.641030296091116       
4.598222381218937       
4.465782413993286       
4.333223756080613       
4.262603408629931       
4.259286573035236       
4.278883241495645       
4.261311823108554       
4.171862564029152       
4.021834806154282       
3.854903547920633       
3.7145914341635518       
3.620480619529765       
3.5666999646199256       
3.536894693338906       
3.520652345872512       
3.5185728969629477       
3.53441683377063       
3.564508290997252       
3.5962617190603092       
3.6183303754279468       
3.632747712036028       
3.6557488044835593       
3.703821946807544       
3.77570654766457       
3.845971931435969       
3.8783837991866896       
3.851667140140776       
3.7765736355814483       
3.6877719522252055       
3.617023870183641       
3.5705248695902165       
3.5279177733109552       
3.4632710084421223       
3.371588603091606       
3.2782249650361286       
3.2226120129365072       
3.230486329707421       
3.2957726138738903       
3.383360913851262       
3.451436433689136       
3.479495317280643       
3.481106864148835       
3.491936974763866       
3.5449900906507943       
3.652151989980939       
3.8008219225155804       
3.9625165891053524       
4.105346986017724       
4.20374286994082       
4.244376746021709       
4.230952675170406       
4.1873635227597035       
4.153423166278568       
4.169266187783331       
4.253468907044151       
4.387075556681406       
4.516500563237175       
4.581083544268706       
4.552240602463269       
4.453646498854761       
4.343142514495933       
4.271933894583317       
4.2545890901822485       
4.269539938173791       
4.285949847661431       
4.294559553018688       
4.315710644940617       
4.376636165988673       
4.4778781920877       
4.578291190395845       
4.615511626258682       
4.551854058133057       
4.408019094793589       
4.251638728346118       
4.15049499183452       
4.130751622017191       
4.168121037903354       
4.212786723082533       
4.229547474083143       
4.223388280203901       
4.230918466512834       
4.289024708038273       
4.409629429333784       
4.577793859027606       
4.768387828198589       
4.962371702231188       
5.146311347620507       
5.298444444820246       
5.383321255494946       
5.372239736686608       
5.27731484539087       
5.1623668068974204       
5.108776118461591       
5.156673304523926       
5.263208398477084       
5.312501872331545       
5.189688540273348       
4.877261800848203       
4.484335462444651       
4.173006211056483       
4.05316830248615       
4.12628655154887       
4.290900792759036       
4.401766861691938       
4.365899299807015       
4.206131665709908       
4.029196401576042       
3.9341526248447143       
3.94618402489537       
4.0130523108712834       
4.052792618874191       
4.018607881431534       
3.9302913315847805       
3.8462138692758985       
3.80786139780198       
3.807463510120586       
3.7991974214444286       
3.7400461682682815       
3.625030331840564       
3.485882224925542       
3.3582947190842547       
3.252276719061192       
3.1513352845252594       
3.037554884794072       
2.9179695458237673       
2.827150458888442       
2.8043968469389866       
2.86666698878232       
2.9968395804787678       
3.1530562380043805       
3.293002125043668       
3.395497653282094       
3.4616084283364184       
3.497350813838603       
3.4987220870342823       
3.4555083868828618       
3.369455450541474       
3.266412862250548       
3.1876845784000647       
3.167253815859121       
3.213773959851686       
3.3093384029617803       
3.423894494691767       
3.5338871512066183       
3.6302105894113574       
3.710144395418347       
3.764356220450908       
3.7753757607052196       
3.7317627440121957       
3.6442365438577835       
3.5454665085853914       
3.4712061327603707       
3.439183954370506       
3.4431640451521344       
3.4656068715045985       
3.4970252444021575       
3.5436508682787404       
3.614802148317175       
3.7010524716685893       
3.7653138835091164       
3.7613789173720447       
3.670518696825216       
3.5233913275746267       
3.3826462573780356       
3.29979687889302       
3.2815929007400353       
3.287637422299318       
3.2597994390134537       
3.165433578865953       
3.0211572821896095       
2.87704629997084       
2.779297041809684       
2.7451723354767164       
2.7641582393723394       
2.8161039971641024       
2.8882533006086453       
2.9768678702471174       
3.07430613724382       
3.1579469413589782       
3.1975051815947255       
3.179295288248556       
3.1245982555773923       
3.0802620016638467       
3.0869421694972954       
3.1510649074688004       
3.2409336424997224       
3.310246809636654       
3.332861683452487       
3.31881395448017       
3.2962012711476856       
3.278280009982079       
3.249078472997818       
3.1823101680323473       
3.0768294049136333       
2.9721604186980017       
2.9247884635790653       
2.9653971334874067       
3.071440148191322       
3.1764992640875214       
3.2191084555923295       
3.19861753345308       
3.182964537344039       
3.2564214065561368       
3.45309773689395       
3.721068149837569       
3.9417429148623717       
4.010163258895285       
3.921221494084261       
3.773900700405248       
3.6883916211805743       
3.7192160068408397       
3.8254935806029864       
3.904665552195015       
3.870827527560736       
3.723099365731339       
3.541426884722425       
3.418818264274228       
3.3990459061902696       
3.4625199969670892       
3.554729980185727       
3.631553456728295       
3.687238450571307       
3.742718672957657       
3.809149764324876       
3.8636700860696984       
3.860753766190221       
3.770793962657284       
3.610527994130214       
3.434900644846811       
3.298847245200439       
3.224168323301605       
3.1940854499114284       
3.1729153025589416       
3.133767950180198       
3.0736662499929155       
3.0066314934429204       
2.9455744141525653       
2.891900828981851       
2.840768355249226       
2.7938987675438702       
2.7652316442280083       
2.7723367484967856       
2.8202800620419666       
2.8911808437801936       
2.9491080351515278       
2.9602750290172177       
2.9158449691814132       
2.839428017742381       
2.773428054991372       
2.756125185001406       
2.8047833316134394       
2.910411686305559       
3.0426743443861426       
3.1630297510214453       
3.2429197246978365       
3.2790013177306485       
3.295550484916106       
3.3306845110167824       
3.413401062316643       
3.543626035681808       
3.6864302086341856       
3.7876703929094955       
3.8070458498808266       
3.746399309119933       
3.6481230963809725       
3.5638143800545294       
3.5197508684323244       
3.50468344148365       
3.4861158294642536       
3.4418907711851707       
3.3812538108653984       
3.3362761429111214       
3.331570063054999       
3.3594188731104144       
3.381976716870131       
3.3623816807556177       
3.3017964717408077       
3.2477243279965107       
3.2632529005449147       
3.3827799088309884       
3.5847918865493593       
3.797821788973536       
3.9425418534094363       
3.985755247848334       
3.959263080653785       
3.9252986169859416       
3.9232366453831546       
3.943326444660764       
3.9442118063120053       
3.8983536034284803       
3.8268136855161723       
3.7912176648716773       
3.8504891086253803       
4.018030695201943       
4.246781382807878       
4.452893451553607       
4.570118328545334       
4.596996510558668       
4.594577031382199       
4.63672706509374       
4.755229814119922       
4.915972797382273       
5.038116155010419       
5.0474709818000925       
4.930261698668501       
4.744457351319816       
4.579948921108114       
4.502574928850069       
4.520424576634371       
4.585460622377462       
4.626195566795136       
4.59562673955507       
4.503435264504893       
4.406260926730226       
4.363936360822226       
4.395739037730991       
4.464792022621596       
4.500392163768721       
4.448604184236434       
4.316303263904067       
4.169586281137565       
4.086618125167964       
4.104595657270901       
4.1961665063854       
4.286209549722115       
4.301446163916003       
4.2213936563790835       
4.088209508358919       
3.9682957136450954       
3.9042956066344296       
3.8965250264117697       
3.920392593471078       
3.959093376238695       
4.020885682906185       
4.123837666352976       
4.261619169773726       
4.383609374953703       
4.415736381329793       
4.3156072181035       
4.114002258354035       
3.896780878635473       
3.741311270644235       
3.664316121444032       
3.618471044838385       
3.5378646294015934       
3.4012762558186216       
3.2589395414087625       
3.19560498287225       
3.265373355287643       
3.4479341768795817       
3.6489686520804727       
3.7538165510324437       
3.7095880203605294       
3.562411609578922       
3.4105854145386516       
3.325713085575787       
3.3125543922708496       
3.3256838366966583       
3.320190831521014       
3.294559283314167       
3.287890022256324       
3.3365159496142853       
3.43275619451116       
3.522487957405634       
3.5483099650106453       
3.5054221447373095       
3.454594978945316       
3.475432723139608       
3.60201636274011       
3.788148664028167       
3.9257204568291204       
3.9169615926613353       
3.7523139173502935       
3.519410343319065       
3.335864487185053       
3.2760654931475015       
3.3449834761563246       
3.4948075959468485       
3.662007008642683       
3.8028009430415857       
3.904957544863475       
3.9730868852755754       
4.009698573190236       
4.0129636406295335       
3.988442895888055       
3.955105294511216       
3.9336804040688182       
3.927494986509334       
3.917126959727698       
3.879448560752458       
3.8175110443392377       
3.771644670238981       
3.796091931732845       
3.9173458443680746       
4.104475917834667       
4.275222575356865       
4.344999638251835       
4.289356785957841       
4.163058330435251       
4.055194939711047       
4.023570665893621       
4.061041110757566       
4.110629724937296       
4.115369466985703       
4.06593505493781       
4.005585796417517       
3.990203163936882       
4.042264466795859       
4.134901649946851       
4.214018978807984       
4.240298603828225       
4.216209438347181       
4.174814046813654       
4.144762987670743       
4.1267862988155075       
4.101667259523471       
4.059757448308324       
4.022301510050324       
4.0319109865510745       
4.118969528284888       
4.27122196364804       
4.430365773151867       
4.523282816128681       
4.509896888573105       
4.408283966312889       
4.274068509462391       
4.155379479426893       
4.063394931504701       
3.977698590380102       
3.876337315620332       
3.7636375358095924       
3.672364416473624       
3.6406815868909836       
3.685621699289458       
3.7930426184078074       
3.929004771204149       
4.063464274559713       
4.187952882968795       
4.3126176427073535       
4.4462322933450675       
4.577941687563766       
4.677433420005873       
4.714854098389151       
4.6846600357783075       
4.612680109486246       
4.540170357002873       
4.498606199540964       
4.4940218856133445       
4.5094244271412975       
4.521194736655529       
4.517615760146216       
4.507061823648018       
4.511211207056674       
4.549367998438519       
4.624573328070675       
4.719220609546666       
4.8024973531399615       
4.846709163690095       
4.844208917729247       
4.814221624766674       
4.793638091744782       
4.81575709104054       
4.888059357151981       
4.980737057729869       
5.034774767755592       
4.991216841704715       
4.828226360283758       
4.579791443042451       
4.319388778682618       
4.120231870361599       
4.02010453530059       
4.008697575974324       
4.038799075021241       
4.055135924182605       
4.027477559256541       
3.96703781283791       
3.913714834314154       
3.904438459330584       
3.945366406051107       
4.004443659289259       
4.029062877908315       
3.9808147345241176       
3.8645782284170607       
3.728132049037003       
3.631681668420548       
3.610929643446592       
3.6572787639157567       
3.724724965316187       
3.761641001612071       
3.7507608414267817       
3.7267854390873123       
3.754021588339726       
3.879749585674249       
4.093545780411899       
4.315738697905232       
4.431807250633444       
4.366605886904576       
4.145054658466841       
3.8803604082622587       
3.700021799713705       
3.675454545519468       
3.7951772275994906       
3.977929906743948       
4.118263549950882       
4.1497683140652155       
4.083213520522073       
3.987668942572527       
3.936473721810714       
3.9651352758157974       
4.063507976849952       
4.194959032085644       
4.323984363442766       
4.433307095450466       
4.5216130336340115       
4.590471803934091       
4.636711959217798       
4.656997973355497       
4.656222155737824       
4.646670255212816       
4.635493715202689       
4.612532075628136       
4.55382945635588       
4.443820158277958       
4.299658284362322       
4.173586710972175       
4.126438094805937       
4.189993688632202       
4.341625484404358       
4.506603067215348       
4.5945102488299145       
4.554613246889689       
4.40860941081236       
4.2308699183193275       
4.094827659957559       
4.02985528203523       
4.013496887794854       
3.996176337646983       
3.9404477030214187       
3.8485675194140363       
3.759098810749651       
3.7188710741025446       
3.75448459545948       
3.8605741879819253       
4.006168569344987       
4.151531284968041       
4.264791204137123       
4.3296113798980596       
4.343299953143046       
4.312225905399999       
4.2502568793855335       
4.178800058888138       
4.123089332581477       
4.102888086135685       
4.122254414175834       
4.165875069530746       
4.206701945285362       
4.222451472009381       
4.210457808956884       
4.188940794988774       
4.182212733078668       
4.199785017307318       
4.2237151218368725       
4.213957732554004       
4.131797811547511       
3.968449405552863       
3.757928741360875       
3.5628876422086813       
3.4436855918768514       
3.431231737971913       
3.515189519957658       
3.6487554722311435       
3.769735701213308       
3.832702449698357       
3.8343067110186544       
3.8126516814938824       
3.82127535988252       
3.8973209695258078       
4.042532399509156       
4.223852200832968       
4.39163372057827       
4.505870345247722       
4.554155778483687       
4.5500673296519825       
4.517223743816979       
4.475227778572577       
4.4383793414093615       
4.423955698234529       
4.457511720913981       
4.565206430992975       
4.754282175648782       
4.99335149619536       
5.209148259669727       
5.312520272267461       
5.246656838357534       
5.024264813591537       
4.720975536128687       
4.429553318646449       
4.212196339828833       
4.081245787087663       
4.010875435217733       
3.965523914564063       
3.926706314523543       
3.9023343480865003       
3.9149610351920403       
3.980813218867728       
4.095471283249326       
4.234028972649514       
4.363372348149017       
4.457447766338687       
4.505885160824976       
4.513088209893633       
4.492577310712523       
4.462060633836669       
4.439520114891057       
4.437432765855886       
4.4552974634459765       
4.476217145347405       
4.474449440684379       
4.433494976569024       
4.36226478235934       
4.293200519589221       
4.2594939105836875       
4.267106469142137       
4.283446804507386       
4.255910089188788       
4.153087876103415       
3.9967290274819933       
3.8521082635164343       
3.781350917051268       
3.796699818790043       
3.84613822507509       
3.8448773301320984       
3.74133244785435       
3.567450203403854       
3.422050589282687       
3.401195860647248       
3.5346669230506396       
3.76250960488256       
3.9625631695828374       
4.03073864304588       
3.9623907043051956       
3.8532309535081226       
3.8172037172707087       
3.9004108158649435       
4.050032302778357       
4.150278007426954       
4.1103877535291495       
3.940582837845875       
3.7408939524700076       
3.6158358705282914       
3.598492778448312       
3.6355152946540126       
3.6336875591477416       
3.5403595534504086       
3.3948054847085136       
3.3003245151647       
3.347115234672591       
3.550721727179625       
3.832788242352672       
4.053320489619307       
4.095642708053102       
3.9486726694219763       
3.709027769701745       
3.506364009108306       
3.428869804234158       
3.4977206306712003       
3.6792755578908243       
3.910348110886036       
4.124272151917394       
4.270392307572565       
4.3230742091035745       
4.282911438521777       
4.173447227471138       
4.032487119020451       
3.89803375080564       
3.7952282889073046       
3.732751944824288       
3.710578600000738       
3.7311691682762143       
3.801773609450502       
3.922036775071456       
4.065258118821465       
4.172933992397525       
4.179536451121352       
4.059653636651858       
3.8577969768665623       
3.66669332775885       
3.5691907400170146       
3.5894831247231846       
3.6810453377963634       
3.7558285128644515       
3.744553814522433       
3.647403854558209       
3.5276368067247987       
3.454311778624114       
3.4477776696713827       
3.467818685339073       
3.4489929423852304       
3.3585763219134885       
3.2286143569982295       
3.1311755013269273       
3.1225548372361676       
3.204467220057807       
3.324530538454348       
3.4137714313021132       
3.437539614969506       
3.4165554558253888       
3.3974814109151747       
3.403343594583824       
3.4094486366920114       
3.3648379233978645       
3.2431471019943636       
3.0769485058368007       
2.939797340636664       
2.8932031546611428       
2.9439680779493083       
3.0364873432029116       
3.0842157087527107       
3.028226824468035       
2.879119137555976       
2.701265840341074       
2.5566822793696646       
2.461556588689855       
2.3836208034900235       
2.2747480282178123       
2.1150675980824083       
1.933749138108168       
1.788539687950309       
1.7265866317579963       
1.7590043600900316       
1.8561106413602289       
1.9589947882037844       
2.0085766841833093       
1.9808247595603699       
1.9002836921455022       
1.820239138499768       
1.7894242147029034       
1.8296869973114913       
1.9299157884041371       
2.0518182656869737       
2.147276690951773       
2.1838764849561096       
2.163125243692716       
2.116439274641428       
2.082538575241854       
2.084216554996146       
2.1183178787443104       
2.161700035673979       
2.1887813160767284       
2.1898555524800134       
2.176500613371738       
2.169986603615027       
2.183163032178767       
2.2099768304021485       
2.229254065685076       
2.2195085090486493       
2.173642113178608       
2.1020296124891216       
2.023091675782436       
1.9517155732228995       
1.8954725411452529       
1.859183251897291       
1.850735688907901       
1.8810500525885356       
1.9572349732482985       
2.0742391450183773       
2.2122918191169503       
2.34449962621551       
2.45089256981064       
2.5270917465218647       
2.5788577441325957       
2.6080179440557423       
2.605110847836658       
2.558829816472068       
2.4758743551026057       
2.3914039829363993       
2.3564323935644365       
2.409605345919161       
2.550621954487761       
2.7278213631758854       
2.8531713834799066       
2.851378304790599       
2.714216146823576       
2.5092024701086966       
2.3328941618805974       
2.254227600511144       
2.287570688470302       
2.3947103389302025       
2.5051446785414746       
2.55248993599107       
2.5116630392560064       
2.4085177911821103       
2.295116879485033       
2.2148902111009803       
2.1832065220191974       
2.188906994582202       
2.209452584275833       
2.2295578779516805       
2.2520900178688477       
2.293803478964125       
2.369140036251671       
2.4734643389678115       
2.5774718994841286       
2.6401199711290344       
2.636449261144675       
2.580665457087684       
2.52312317445744       
2.52213276817451       
2.6117800267406466       
2.7827649456349604       
2.982539782621217       
3.1394379658425176       
3.2042383484551107       
3.1800467846198535       
3.1143795626629043       
3.0625244140096264       
3.054181037672746       
3.0836110196260083       
3.1220354293643062       
3.139746546836494       
3.1223717169749654       
3.071591161851885       
2.9946428782422108       
2.8957687740275913       
2.7773577263787677       
2.646491069260818       
2.516967964236347       
2.402729268509058       
2.3087592254969387       
2.228968185892237       
2.154588110605806       
2.0868236576215224       
2.041991658307699       
2.0427251857539392       
2.1006902071804365       
2.202453088028344       
2.3090740251159763       
2.3751315231546024       
2.378549489963152       
2.3365536366574577       
2.291471586099039       
2.2790774183867346       
2.3051492227742747       
2.3441141483424524       
2.358853723859993       
2.328812099780389       
2.2647282774640125       
2.1977480599923247       
2.1545484011445555       
2.1399796348810503       
2.137714924192858       
2.1252230929036866       
2.0909011311515746       
2.040160435861729       
1.987296397179966       
1.9431287242312556       
1.9103630775512803       
1.889244699814439       
1.8860614140262184       
1.9145565883409092       
1.986749520780662       
2.098683674557598       
2.2214382080502233       
2.3077940918365543       
2.317045799276837       
2.2427216230436633       
2.1188690940493546       
1.998610626566957       
1.9246236832047616       
1.912962471693711       
1.954174484041648       
2.0246483683132803       
2.100489175977647       
2.1666460566732346       
2.2168215334310837       
2.2474578056724486       
2.2544255205793675       
2.237401252527307       
2.2077478241574404       
2.19036151064804       
2.214450080555718       
2.2975086379278347       
2.4312488964052563       
2.578180458658246       
2.6863513493280444       
2.7199603451788166       
2.6850794015637125       
2.6266888560468624       
2.5977347405091615       
2.6241767758393575       
2.687294838874831       
2.7320006219839685       
2.70126632814756       
2.57870286102137       
2.4040645383249286       
2.2456765877198297       
2.1552481344249173       
2.1395730825725146       
2.159857505308103       
2.1558857134901097       
2.086883802666643       
1.9624497489898705       
1.834919806089587       
1.7609497200174136       
1.7668694773901896       
1.836159221022209       
1.9173861229336633       
1.951300157631207       
1.907272332577748       
1.8014863056724038       
1.680781551492637       
1.5901514186000145       
1.5518456974614678       
1.564166109522924       
1.6116061837383537       
1.6770033106846367       
1.7493738055213033       
1.8240268198848284       
1.896759926323831       
1.9581976606567637       
1.9937442740886968       
1.990221175873516       
1.9452181586123973       
1.8726426805945637       
1.8000595373547652       
1.7588287039881614       
1.7719385788884017       
1.8436792965666167       
1.9534359137297581       
2.058264349008903       
2.110584037377581       
2.086482188261146       
2.003263092074654       
1.908251853837948       
1.8474245235203253       
1.8386198073261717       
1.863987235002057       
1.8829197422398092       
1.8600154165975993       
1.7903934411874958       
1.6999947026491784       
1.6207203094825804       
1.5644859749169218       
1.5169069967531879       
1.4534017031404258       
1.3650845167705767       
1.2717103398417267       
1.2085122142340685       
1.1999326318666843       
1.241139361154872       
1.2961510210935498       
1.3170340608950295       
1.2794582471898988       
1.2050578466453692       
1.1457496335401767       
1.1476442504518707       
1.2265312339661745       
1.3609270003257694       
1.4997033932624682       
1.5892197058778141       
1.6075882317597372       
1.575121706149317       
1.5326652732063508       
1.51250044765915       
1.5248423997464549       
1.5613104618093943       
1.6056603970270495       
1.6428048760033067       
1.661844343746936       
1.6551327191984486       
1.6187130852665212       
1.5558623567450176       
1.4793298352427933       
1.4073554361613718       
1.3548431380258643       
1.3262435302851567       
1.3153243603611022       
1.3120750752034396       
1.3122004607785138       
1.3220759884093665       
1.3550337826533538       
1.4218857044604352       
1.5222914458845074       
1.6420431099175832       
1.758219954164131       
1.849829778920032       
1.9069679707588973       
1.9323400885456232       
1.935777081497999       
1.927371109325055       
1.9133931167335678       
1.8950126590366794       
1.868297978551977       
1.8256081227526653       
1.759943727425822       
1.6719470932990295       
1.5750437119214238       
1.493172957146124       
1.4508758653128844       
1.4615565706267968       
1.5196690090727023       
1.599940077140056       
1.6665381100950325       
1.6912143471186203       
1.669310057171625       
1.6203122862256958       
1.57310728375731       
1.5490957056509622       
1.5541514792544675       
1.5804113220244245       
1.6133042115115335       
1.6389027853427054       
1.6483935291204004       
1.6393254394697923       
1.615456381630098       
1.5862916742430277       
1.565211653115698       
1.5647988542189246       
1.5901690577737395       
1.6334394547429378       
1.6735014181505423       
1.6842633706598795       
1.6493719261833717       
1.5739804065457739       
1.483634273236964       
1.4107025990157465       
1.3787885327067482       
1.3940325529758781       
1.444729470421879       
1.5080709528358642       
1.5630717932814289       
1.6043676699150158       
1.646892433866032       
1.716101200850782       
1.8286628004474614       
1.9733706408474647       
2.1032732341758944       
2.1521194548333633       
2.0764165332417632       
1.8934486642816042       
1.6759410840599482       
1.5055787769531084       
1.4292702352109496       
1.4456791787445147       
1.5131850199515302       
1.571691591734869       
1.5786375831402097       
1.537234965787818       
1.4884284818490399       
1.4754808601389355       
1.5149811173125898       
1.5913763480682308       
1.6728100744902619       
1.7377915631739789       
1.7918632901148943       
1.8578254779065988       
1.9483382345520204       
2.045199656748739       
2.104046472525404       
2.0862333649384706       
1.9934679933375103       
1.8704214924282685       
1.7721658200311774       
1.7289063315401356       
1.7339492341801106       
1.7557471112845813       
1.7635060676973722       
1.749098896324093       
1.7273789888055926       
1.7159911797825933       
1.7150609248311557       
1.7047008734763067       
1.6627342681054216       
1.5882187504461347       
1.5085579852644193       
1.4630813321503104       
1.479201874309685       
1.5584131193437378       
1.6759202371770139       
1.7929567957880077       
1.8777017585860911       
1.92104404608898       
1.9346178965530993       
1.9354280122050576       
1.932386407387783       
1.9242505537708023       
1.9067851574859682       
1.8805637071464596       
1.8522926682112864       
1.8293002577114839       
1.8126305570569128       
1.7946067959406407       
1.7632301251379343       
1.7113596029073308       
1.6448869578112186       
1.5835711139376658       
1.5526870704682543       
1.5695384336179736       
1.6305294052047048       
1.7041202302169127       
1.738274152170233       
1.6889648308386358       
1.5552391626766118       
1.3871151046579424       
1.2541991779922337       
1.2051491448835725       
1.2481863584198745       
1.3501787586430023       
1.4498890886343718       
1.4941847693553132       
1.4787219005008       
1.4500589415716512       
1.4655914300472301       
1.5508793067219837       
1.6801819631350943       
1.7863468443366954       
1.8042569621150155       
1.722212068961266       
1.5900527749568154       
1.4766789735216244       
1.4248490754655803       
1.4378375847163447       
1.4919165211437448       
1.5583850052176984       
1.6218062631436239       
1.6823877179278248       
1.7432249058036735       
1.7980985536047729       
1.8336689371933652       
1.8439461972475022       
1.840532637800178       
1.8452177215892762       
1.8704039677021962       
1.9054019645793183       
1.922381780047287       
1.900957387941744       
1.8514804830201332       
1.81323190208258       
1.8279477677013325       
1.9114241997032666       
2.040838909606606       
2.1643158921469845       
2.23180393020285       
2.227522725607051       
2.175075824597174       
2.112737614862816       
2.065860458499305       
2.0387216636787806       
2.0248998401294855       
2.0210524723882464       
2.0301138795082787       
2.0524273482410615       
2.0762478726163476       
2.0805464559867017       
2.051516172989101       
1.9982417495815172       
1.9499000695590132       
1.9344779511246182       
1.9566388321878294       
1.9914448870723875       
2.0000573923613962       
1.959465487324291       
1.8823726228341626       
1.8078035714572185       
1.7720037696825377       
1.7853047208458104       
1.8283674781287715       
1.8662746249746816       
1.8713631249921738       
1.8390008887387086       
1.7846519497711546       
1.7280759877316023       
1.680227209761468       
1.6406817404873237       
1.601984240293835       
1.5542100785313722       
1.4876499017992786       
1.3967072837099817       
1.2868303958421423       
1.1792154329802285       
1.1057146927081922       
1.095039871982612       
1.158533702743694       
1.2797728578403635       
1.4128297237765954       
1.5018921263939158       
1.5189219236295857       
1.4842607955109852       
1.445779392706406       
1.4386425435368038       
1.4611790066261356       
1.4796399902188997       
1.457272202963619       
1.3875293163065021       
1.3005158807242738       
1.2368550774734814       
1.217590404206859       
1.234224419658627       
1.2599989022721991       
1.2726268074486884       
1.271056635931164       
1.2706958259909054       
1.283089005314068       
1.3015375352057847       
1.3069959273461123       
1.2903963298002217       
1.269828863084159       
1.2829641984056703       
1.3608844694519395       
1.503329650071531       
1.6689904240643256       
1.7939281170886114       
1.8371362024077884       
1.8137997322204935       
1.7789288230009488       
1.78000886530727       
1.8234920748159948       
1.8749378046864484       
1.889032668355858       
1.849065003160785       
1.781426512933593       
1.7320519628353754       
1.7312345011613088       
1.7766915313721747       
1.8411840231895074       
1.8957506857429702       
1.9309849188157548       
1.9583704891199076       
1.9922462273508994       
2.0315230864850298       
2.0579012291013474       
2.0513764662391525       
2.0083862330950595       
1.9450324255469371       
1.8832320048756643       
1.834711520209228       
1.7970382203910837       
1.7625157251565626       
1.7297075188779238       
1.7061511622030183       
1.7001012388344054       
1.7100396371072226       
1.7225891104330682       
1.7222852266147737       
1.7061080448026404       
1.689751771278787       
1.699533948036214       
1.757225362301568       
1.8688691432169602       
2.022288850421598       
2.1922634675666197       
2.349614772881577       
2.4694228648260124       
2.5364422951324403       
2.549615085422243       
2.5256621497224176       
2.4964774060148955       
2.496180298942801       
2.5421736221033107       
2.6210954901065446       
2.691141146069618       
2.706390757861543       
2.6510132049176214       
2.553765933032114       
2.4662572945394294       
2.423664592818883       
2.4194263537185305       
2.410076973278181       
2.348617480157286       
2.2249161864177847       
2.077673588708567       
1.9660898328057745       
1.9299543125499834       
1.9692906573298765       
2.0492506169565172       
2.124106544577433       
2.167874419086569       
2.188753686322782       
2.21510331088404       
2.2679982185558396       
2.3441752949315156       
2.419762713921549       
2.4693650132058775       
2.4846202268569093       
2.477194425362053       
2.466253458104798       
2.464115703816663       
2.471644926252202       
2.48344343780674       
2.495093053271585       
2.5056099745602225       
2.5150724099049366       
2.5225865923291004       
2.5280659205973994       
2.5353248080858353       
2.5511326404193695       
2.578934363468811       
2.6126425211261335       
2.637808257655571       
2.641645514306533       
2.6238861117671397       
2.597189387975307       
2.5750921127710793       
2.5585543012429617       
2.5349040266931477       
2.492621986533603       
2.4395342668716102       
2.4050186849275432       
2.4201022955075815       
2.4898084056127616       
2.578939626980659       
2.6275329248489006       
2.5952315043771197       
2.5007547483510466       
2.414350189954966       
2.4074831604527076       
2.503071800934158       
2.654982576168729       
2.768063445367691       
2.7616632066067512       
2.6352198271327096       
2.4691981007169983       
2.3606710713718018       
2.3602424151716646       
2.452027712428241       
2.5713565778634924       
2.6476917860277256       
2.649562697069127       
2.595039607578638       
2.521799691443038       
2.45219795718669       
2.3851678019366367       
2.314025231058039       
2.2462392857768996       
2.2029137815266613       
2.198265592356359       
2.219410098655045       
2.2270928911054124       
2.183552012212964       
2.088565079973669       
1.9881584909734726       
1.9446417556884887       
1.9957403466263899       
2.1302691118587034       
2.2879239640195386       
2.389065697916878       
2.386179780829498       
2.295638146521902       
2.1787487321133048       
2.0950313005659478       
2.0710787664693946       
2.0994513782589292       
2.155942380618062       
2.2193791292070255       
2.2813676472337896       
2.3418172323722537       
2.398171662503534       
2.440311309051871       
2.455646241864037       
2.438608724106477       
2.395249845488026       
2.339768010106921       
2.288147031317619       
2.2551546150085584       
2.255044106149686       
2.3013513553741882       
2.4021851924349105       
2.552499773714349       
2.7294981823309774       
2.8979924483168222       
3.0261193399572726       
3.1006900021513135       
3.128408903075325       
3.121771125357226       
3.083673215071529       
3.0058037188732523       
2.88255161526851       
2.7267613672251696       
2.5705947970890586       
2.4491109611277437       
2.380693126050114       
2.3592396085733762       
2.3621915144207875       
2.3681565380666068       
2.3709479665444197       
2.3780425837114305       
2.3947446245826307       
2.408962160458551       
2.3922209682720688       
2.3202880577284413       
2.1980285615794077       
2.064222746510581       
1.96945450362165       
1.9460368133924395       
1.990624898691999       
2.065550719135013       
2.118946528338596       
2.11711200954855       
2.066918122979442       
2.008468682367064       
1.9863446516525485       
2.02454992367243       
2.1186260620866535       
2.2430050487144166       
2.3669792930409748       
2.470060504484753       
2.5470631754639426       
2.6016539976386706       
2.6371629443626663       
2.653765253164786       
2.6528217159853282       
2.641616537336178       
2.6318552557406956       
2.6322296319322187       
2.641821201574509       
2.6512011714209622       
2.6521015211849797       
2.648694487896938       
2.6602945409046517       
2.7111985609022393       
2.8133143471257767       
2.9520509425161654       
3.085124267815546       
3.1596688419918406       
3.141544008010461       
3.0368277515580444       
2.8879052671818517       
2.748313425694476       
2.657050672078901       
2.627403912809988       
2.6500231081298113       
2.7025019757865554       
2.759030424999227       
2.7975927718075675       
2.80568365373454       
2.7861007675864404       
2.7606555261674215       
2.7661649965836577       
2.8398948837884457       
2.9984630716663947       
3.2191224601005164       
3.437022634271822       
3.57310703254322       
3.586433295001943       
3.51022059415302       
3.43410733949094       
3.446006318285503       
3.578808432338027       
3.7895293489992534       
3.979947493090148       
4.058640642172873       
4.008203692907738       
3.897196813613392       
3.8252191929327704       
3.8540672504279962       
3.974806061980798       
4.121301852817569       
4.218620218940034       
4.235510838227574       
4.198951135812948       
4.16034519004945       
4.148855607381082       
4.152240574505046       
4.136022098448898       
4.081451124287497       
4.0079477058983155       
3.9597374392567715       
3.970552496686457       
4.0374124758207       
4.122668274004765       
4.182091252511525       
4.197367738134612       
4.185116954328991       
4.174905931323493       
4.177859661888717       
4.173869639024372       
4.127955521670646       
4.022477984346549       
3.8772441665205934       
3.73929347771297       
3.65237944065771       
3.6314510612171325       
3.6573782507532635       
3.6907704786324986       
3.694306905238526       
3.6497893461419006       
3.5612566721839394       
3.447222488242775       
3.331506051152767       
3.2376040072674575       
3.18439974534294       
3.1801673578975986       
3.2166440100565965       
3.269190312611939       
3.3077172605082614       
3.314567084769607       
3.2958926596361953       
3.2750384158833086       
3.271914380637089       
3.2851544802349624       
3.2918248037966347       
3.2663708101844815       
3.2043191625521437       
3.1289838248621358       
3.0731094606142078       
3.050527306115163       
3.0408497558276064       
3.0005602780832024       
2.8965241194602482       
2.7375536943963636       
2.575077995696424       
2.4714065432565713       
2.4632540386976687       
2.5432923419404148       
2.663351200433711       
2.7580867569580376       
2.7817725281511896       
2.734216727027933       
2.654270746497854       
2.588405989374352       
2.5609083731354563       
2.563012879967607       
2.5622417187929813       
2.5255932250933886       
2.4442444259160165       
2.3433434365571597       
2.269402389551123       
2.2650124648987733       
2.3464802727439666       
2.492393007745192       
2.647993923295029       
2.7518566201666665       
2.776521876801779       
2.7513713511539857       
2.7441269262520707       
2.815653970661775       
2.980442375071502       
3.1916724135366032       
3.3611355672061842       
3.4145503067653804       
3.347173605266457       
3.228232905787681       
3.150327571450968       
3.1719768403604354       
3.2919055868528777       
3.4586710543164427       
3.6059537870668947       
3.6944536015891574       
3.730330512150724       
3.74699129297153       
3.7710123368280932       
3.8025833769438018       
3.8221345197309       
3.8125301084559333       
3.7757617049352095       
3.7302167904750028       
3.6936583222491266       
3.6689311726840534       
3.6440733540311596       
3.6048025501617516       
3.5476237031591076       
3.48273544480204       
3.4262023639494354       
3.3900610378431413       
3.3782800733094294       
3.3888261047172774       
3.416494540761389       
3.452458085413008       
3.482456243594116       
3.489552132676616       
3.4640574441203476       
3.4143473403756364       
3.3674332416539823       
3.354958669023287       
3.392577408787715       
3.4659448868925518       
3.5330518502295787       
3.5447177004135293       
3.4728838745974198       
3.3270529692627555       
3.1470128430566966       
2.980283153198011       
2.8624907997022437       
2.809944497446587       
2.8207951823769726       
2.877719554713068       
2.9502487897449816       
3.000964366150216       
2.9995042489226957       
2.939512836135466       
2.845050137458577       
2.75801091524781       
2.714515250246178       
2.7270712553177474       
2.7828734503426564       
2.8573631855767045       
2.932821458982944       
3.0068774646730874       
3.083563799339783       
3.1571976476415182       
3.2085932000774458       
3.222744815975123       
3.2136546864906146       
